	PAWN								S_PAWN								KNIGHT								S_KNIGHT		
--MinLv|MaxLv|Chance|Item| K.P.			MinLv|MaxLv|Chance|Item| K.P.		MinLv|MaxLv|Chance|Item| K.P.		MinLv|MaxLv|Chance|Item| K.P.
	50	130	0.11	25040	10000		50	130	0.12	25040	10000		50	130	0.13	25040	10000		50	130	0.15	25040	10000			--Segensschriftrolle
	30	130	0.11	27987	10000		30	130	0.12	27987	10000		30	130	0.13	27987	10000		30	130	0.15	27987	10000			--Muschel
	50	100	0.11	70102	10000		50	100	0.12	70102	10000		50	100	0.13	70102	10000		50	100	0.15	70102	10000			--Zen-Bohne
	30	130	0.04	50600	10000		30	130	0.05	50600	10000		30	130	0.06	50600	10000		30	130	0.09	50600	10000			--Bergbau-Buch
	50	75	0.11	50060	10000		50	75	0.12	50060	10000		50	75	0.13	50060	10000		50	75	0.15	50060	10000			--Buch-Der-Reitkunst
	1	75	0.11	50061	10000		1	75	0.12	50061	10000		1	75	0.13	50061	10000		1	75	0.15	50061	10000			--Handbuch-Pferdezeahmen
	
	1	25	0.05	50301	10000		1	25	0.06	50301	10000		1	25	0.07	50301	10000		1	25	0.10	50301	10000			--Sun-Zi
	1	50	0.05	50302	10000		1	50	0.06	50302	10000		1	50	0.07	50302	10000		1	50	0.10	50302	10000			--Wuzi
	1	75	0.05	50303	10000		1	75	0.06	50303	10000		1	75	0.07	50303	10000		1	75	0.10	50303	10000			--Wei-Liao-Zi
	
	30	50	0.02	50304	10000		30	50	0.03	50304	10000		30	50	0.04	50304	10000		30	50	0.07	50304	10000			--Combobeherrschung
	30	50	0.02	50305	10000		30	50	0.03	50305	10000		30	50	0.04	50305	10000		30	50	0.07	50305	10000			--Combomeisterbuch
	30	50	0.02	50306	10000		30	50	0.03	50306	10000		30	50	0.04	50306	10000		30	50	0.07	50306	10000			--Hohe-Combokunst
	
	1	75	0.05	50311	10000		1	75	0.06	50311	10000		1	75	0.07	50311	10000		1	75	0.10	50311	10000			--Shinsoo-Sprachen
	1	75	0.05	50312	10000		1	75	0.06	50312	10000		1	75	0.07	50312	10000		1	75	0.10	50312	10000			--Chunjo-Sprachen
	1	75	0.05	50313	10000		1	75	0.06	50313	10000		1	75	0.07	50313	10000		1	75	0.10	50313	10000			--Jinno-Sprachen
	
	1	25	0.05	50314	10000		1	25	0.06	50314	10000		1	25	0.07	50314	10000		1	25	0.10	50314	10000			--Buch-der-Verwandlung
	1	50	0.05	50315	10000		1	50	0.06	50315	10000		1	50	0.07	50315	10000		1	50	0.10	50315	10000			--Buch-fort-Verwandlung
	1	75	0.05	50316	10000		1	75	0.06	50316	10000		1	75	0.07	50316	10000		1	75	0.10	50316	10000			--Buch-exp-Verwandlung
	
	1	25	0.12	50307	10000		1	25	0.13	50307	10000		1	25	0.14	50307	10000		1	25	0.17	50307	10000			--Missionsbuch(leicht)
	25	50	0.12	50308	10000		25	50	0.13	50308	10000		25	50	0.14	50308	10000		25	50	0.17	50308	10000			--Missionsbuch(mittel)
	50	75	0.12	50309	10000		50	75	0.13	50309	10000		50	75	0.14	50309	10000		50	75	0.17	50309	10000			--Missionsbuch(schwer)
	75	100	0.12	50310	10000		75	100	0.13	50310	10000		75	100	0.14	50310	10000		75	100	0.17	50310	10000			--Missionsbuch(experte)
	
	1	130	0.4	70104	10000		1	130	0.5	70104	10000		1	130	0.6	70104	10000		1	130	0.9	70104	10000							--Verwandlungskugel
	1	130	0.01	50131	10000		1	130	0.02	50131	10000		1	130	0.03	50131	10000		1	130	0.05	50131	10000			--Spezial-Truhe
	1	24	0.1	50054	10000		1	24	0.2	50054	10000		1	24	0.3	50054	10000		1	24	0.5	50054	10000							--Heu
	25	49	0.1	50055	10000		25	49	0.2	50055	10000		25	49	0.3	50055	10000		25	49	0.5	50055	10000							--Karotte
	50	74	0.1	50056	10000		50	74	0.2	50056	10000		50	74	0.3	50056	10000		50	74	0.5	50056	10000							--Ginseng
	75	100	0.1	38100	10000		75	100	0.2	38100	10000		75	100	0.3	38100	10000		75	100	0.5	38100	10000							--Kraftfutter