m	481	196	1	1	0	0	240s	100	1	860
m	462	212	1	1	0	0	240s	100	1	860
m	451	208	1	1	0	0	240s	100	1	860
m	419	208	1	1	0	0	240s	100	1	860
m	423	225	1	1	0	0	240s	100	1	860
m	421	249	1	1	0	0	240s	100	1	860
m	426	284	1	1	0	0	240s	100	1	860
m	442	249	1	1	0	0	240s	100	1	860
m	396	284	1	1	0	0	240s	100	1	860
m	371	307	1	1	0	0	240s	100	1	860
m	387	327	1	1	0	0	240s	100	1	860
m	381	345	1	1	0	0	240s	100	1	860
m	301	291	1	1	0	0	240s	100	1	860
m	302	274	1	1	0	0	240s	100	1	860
m	297	249	1	1	0	0	240s	100	1	860
m	307	239	1	1	0	0	240s	100	1	860
m	315	219	1	1	0	0	240s	100	1	860
m	290	208	1	1	0	0	240s	100	1	860
m	254	179	1	1	0	0	240s	100	1	860
m	213	173	1	1	0	0	240s	100	1	860
m	187	188	1	1	0	0	240s	100	1	860
m	152	194	1	1	0	0	240s	100	1	860
m	131	177	1	1	0	0	240s	100	1	860
m	141	215	1	1	0	0	240s	100	1	860
m	159	245	1	1	0	0	240s	100	1	860
m	179	249	1	1	0	0	240s	100	1	860
m	177	281	1	1	0	0	240s	100	1	860
m	143	294	1	1	0	0	240s	100	1	860
m	139	244	1	1	0	0	240s	100	1	860
m	159	217	1	1	0	0	240s	100	1	860
m	143	146	1	1	0	0	240s	100	1	860
m	181	145	1	1	0	0	240s	100	1	860
m	218	139	1	1	0	0	240s	100	1	860
m	179	160	1	1	0	0	240s	100	1	860
m	158	165	1	1	0	0	240s	100	1	860
m	172	182	1	1	0	0	240s	100	1	860
m	157	323	1	1	0	0	240s	100	1	860
m	152	351	1	1	0	0	240s	100	1	860
m	136	369	1	1	0	0	240s	100	1	860
m	132	404	1	1	0	0	240s	100	1	860
m	153	410	1	1	0	0	240s	100	1	860
m	157	437	1	1	0	0	240s	100	1	860
m	161	473	1	1	0	0	240s	100	1	860
m	181	484	1	1	0	0	240s	100	1	860
m	362	340	1	1	0	0	240s	100	1	860
m	349	362	1	1	0	0	240s	100	1	860
m	349	412	1	1	0	0	240s	100	1	860
m	347	444	1	1	0	0	240s	100	1	860
m	327	467	1	1	0	0	240s	100	1	860
m	325	497	1	1	0	0	240s	100	1	860
m	343	503	1	1	0	0	240s	100	1	860
m	331	425	1	1	0	0	240s	100	1	860
m	351	391	1	1	0	0	240s	100	1	860
m	360	362	1	1	0	0	240s	100	1	860
m	446	226	1	1	0	0	240s	100	1	860
m	434	209	1	1	0	0	240s	100	1	861
m	435	227	1	1	0	0	240s	100	1	861
m	436	262	1	1	0	0	240s	100	1	861
m	419	269	1	1	0	0	240s	100	1	861
m	411	282	1	1	0	0	240s	100	1	861
m	402	300	1	1	0	0	240s	100	1	861
m	372	296	1	1	0	0	240s	100	1	861
m	362	317	1	1	0	0	240s	100	1	861
m	370	332	1	1	0	0	240s	100	1	861
m	370	352	1	1	0	0	240s	100	1	861
m	349	346	1	1	0	0	240s	100	1	861
m	364	375	1	1	0	0	240s	100	1	861
m	348	384	1	1	0	0	240s	100	1	861
m	339	402	1	1	0	0	240s	100	1	861
m	351	423	1	1	0	0	240s	100	1	861
m	335	423	1	1	0	0	240s	100	1	861
m	336	445	1	1	0	0	240s	100	1	861
m	346	465	1	1	0	0	240s	100	1	861
m	333	490	1	1	0	0	240s	100	1	861
m	316	469	1	1	0	0	240s	100	1	861
m	328	447	1	1	0	0	240s	100	1	861
m	297	259	1	1	0	0	240s	100	1	861
m	297	225	1	1	0	0	240s	100	1	861
m	273	200	1	1	0	0	240s	100	1	861
m	266	188	1	1	0	0	240s	100	1	861
m	230	163	1	1	0	0	240s	100	1	861
m	203	151	1	1	0	0	240s	100	1	861
m	197	163	1	1	0	0	240s	100	1	861
m	166	171	1	1	0	0	240s	100	1	861
m	171	154	1	1	0	0	240s	100	1	861
m	143	155	1	1	0	0	240s	100	1	861
m	138	188	1	1	0	0	240s	100	1	861
m	164	203	1	1	0	0	240s	100	1	861
m	180	236	1	1	0	0	240s	100	1	861
m	154	228	1	1	0	0	240s	100	1	861
m	127	256	1	1	0	0	240s	100	1	861
m	123	274	1	1	0	0	240s	100	1	861
m	123	307	1	1	0	0	240s	100	1	861
m	162	272	1	1	0	0	240s	100	1	861
m	145	335	1	1	0	0	240s	100	1	861
m	152	380	1	1	0	0	240s	100	1	861
m	145	409	1	1	0	0	240s	100	1	861
m	140	435	1	1	0	0	240s	100	1	861
m	159	460	1	1	0	0	240s	100	1	861
m	166	484	1	1	0	0	240s	100	1	861
m	193	496	1	1	0	0	240s	100	1	861
m	210	508	1	1	0	0	240s	100	1	861
m	333	477	1	1	0	0	240s	100	1	862
m	329	505	1	1	0	0	240s	100	1	862
m	327	528	1	1	0	0	240s	100	1	862
m	342	430	1	1	0	0	240s	100	1	862
m	317	560	1	1	0	0	240s	100	1	862
m	188	174	1	1	0	0	240s	100	1	862
m	136	164	1	1	0	0	240s	100	1	862
m	158	181	1	1	0	0	240s	100	1	862
m	174	216	1	1	0	0	240s	100	1	862
m	169	262	1	1	0	0	240s	100	1	862
m	146	258	1	1	0	0	240s	100	1	862
m	159	286	1	1	0	0	240s	100	1	862
m	162	307	1	1	0	0	240s	100	1	862
m	143	313	1	1	0	0	240s	100	1	862
m	131	353	1	1	0	0	240s	100	1	862
m	151	365	1	1	0	0	240s	100	1	862
m	140	393	1	1	0	0	240s	100	1	862
m	151	418	1	1	0	0	240s	100	1	862
m	154	451	1	1	0	0	240s	100	1	862
m	191	500	1	1	0	0	240s	100	1	862
m	209	517	1	1	0	0	240s	100	1	862
m	314	483	1	1	0	0	240s	100	1	862
m	317	508	1	1	0	0	240s	100	1	862
m	319	543	1	1	0	0	240s	100	1	862
m	329	566	1	1	0	0	240s	100	1	862
m	299	579	1	1	0	0	240s	100	1	862
m	296	596	1	1	0	0	240s	100	1	862
m	279	609	1	1	0	0	240s	100	1	862
m	287	632	1	1	0	0	240s	100	1	862
m	292	651	1	1	0	0	240s	100	1	862
m	287	671	1	1	0	0	240s	100	1	862
m	226	676	1	1	0	0	240s	100	1	862
m	200	645	1	1	0	0	240s	100	1	862
m	207	620	1	1	0	0	240s	100	1	862
m	212	594	1	1	0	0	240s	100	1	862
m	220	655	1	1	0	0	240s	100	1	862
m	273	691	1	1	0	0	240s	100	1	862
m	245	173	1	1	0	0	240s	100	1	862
m	218	147	1	1	0	0	240s	100	1	862
m	197	135	1	1	0	0	240s	100	1	862
m	160	146	1	1	0	0	240s	100	1	862
m	174	194	1	1	0	0	240s	100	1	862
m	381	299	1	1	0	0	240s	100	1	860
m	435	271	1	1	0	0	240s	100	1	860
m	428	235	1	1	0	0	240s	100	1	860
m	446	227	1	1	0	0	240s	100	1	860
m	394	302	1	1	0	0	240s	100	1	861
m	377	317	1	1	0	0	240s	100	1	861
m	354	373	1	1	0	0	240s	100	1	861
m	340	413	1	1	0	0	240s	100	1	861
m	341	453	1	1	0	0	240s	100	1	861
m	323	485	1	1	0	0	240s	100	1	861
m	303	210	1	1	0	0	240s	100	1	861
m	312	226	1	1	0	0	240s	100	1	861
m	298	232	1	1	0	0	240s	100	1	862
m	141	200	1	1	0	0	240s	100	1	860
m	155	262	1	1	0	0	240s	100	1	862
m	171	222	1	1	0	0	240s	100	1	862
m	164	189	1	1	0	0	240s	100	1	862
m	180	167	1	1	0	0	240s	100	1	862
m	194	148	1	1	0	0	240s	100	1	862
m	186	261	1	1	0	0	240s	100	1	862
m	173	296	1	1	0	0	240s	100	1	862
m	153	300	1	1	0	0	240s	100	1	862
m	140	348	1	1	0	0	240s	100	1	862
m	127	381	1	1	0	0	240s	100	1	862
m	133	266	1	1	0	0	240s	100	1	861
m	145	271	1	1	0	0	240s	100	1	861
m	182	271	1	1	0	0	240s	100	1	861
m	165	234	1	1	0	0	240s	100	1	861
m	135	230	1	1	0	0	240s	100	1	861
m	130	199	1	1	0	0	240s	100	1	861
m	119	174	1	1	0	0	240s	100	1	861
m	149	171	1	1	0	0	240s	100	1	861
m	152	395	1	1	0	0	240s	100	1	861
m	139	420	1	1	0	0	240s	100	1	861
m	143	450	1	1	0	0	240s	100	1	860
m	173	472	1	1	0	0	240s	100	1	860
m	121	353	1	1	0	0	240s	100	1	860
m	117	378	1	1	0	0	240s	100	1	860
m	162	414	1	1	0	0	240s	100	1	860
m	125	418	1	1	0	0	240s	100	1	860
m	134	455	1	1	0	0	240s	100	1	860
m	131	440	1	1	0	0	240s	100	1	862
m	152	481	1	1	0	0	240s	100	1	862
m	149	464	1	1	0	0	240s	100	1	862
m	199	507	1	1	0	0	240s	100	1	862
m	210	606	1	1	0	0	240s	100	1	861
m	210	642	1	1	0	0	240s	100	1	861
m	329	515	1	1	0	0	240s	100	1	862
m	311	565	1	1	0	0	240s	100	1	862
m	289	616	1	1	0	0	240s	100	1	862
m	287	715	1	1	0	0	240s	100	1	862
m	319	758	1	1	0	0	240s	100	1	862
m	304	789	1	1	0	0	240s	100	1	862
m	258	781	1	1	0	0	240s	100	1	862
m	287	752	1	1	0	0	240s	100	1	862
m	310	736	1	1	0	0	240s	100	1	862
m	264	732	1	1	0	0	240s	100	1	862
m	257	759	1	1	0	0	240s	100	1	862
m	239	784	1	1	0	0	240s	100	1	862
m	272	801	1	1	0	0	240s	100	1	862
m	293	777	1	1	0	0	240s	100	1	862
m	334	774	1	1	0	0	240s	100	1	862
m	269	710	1	1	0	0	240s	100	1	862
m	248	693	1	1	0	0	240s	100	1	862
m	349	775	1	1	0	0	240s	100	1	862
m	386	765	1	1	0	0	240s	100	1	862
m	382	787	1	1	0	0	240s	100	1	862
m	383	817	1	1	0	0	240s	100	1	862
m	418	833	1	1	0	0	240s	100	1	862
m	358	799	1	1	0	0	240s	100	1	862
m	367	784	1	1	0	0	240s	100	1	862
m	416	770	1	1	0	0	240s	100	1	862
m	215	666	1	1	0	0	240s	100	1	863
m	206	627	1	1	0	0	240s	100	1	863
m	237	687	1	1	0	0	240s	100	1	863
m	257	711	1	1	0	0	240s	100	1	863
m	282	731	1	1	0	0	240s	100	1	863
m	310	768	1	1	0	0	240s	100	1	863
m	322	794	1	1	0	0	240s	100	1	863
m	277	785	1	1	0	0	240s	100	1	863
m	273	750	1	1	0	0	240s	100	1	863
m	347	755	1	1	0	0	240s	100	1	863
m	297	749	1	1	0	0	240s	100	1	863
m	295	800	1	1	0	0	240s	100	1	863
m	297	758	1	1	0	0	240s	100	1	863
m	438	758	1	1	0	0	240s	100	1	863
m	457	747	1	1	0	0	240s	100	1	863
m	468	709	1	1	0	0	240s	100	1	863
m	477	687	1	1	0	0	240s	100	1	863
m	491	648	1	1	0	0	240s	100	1	863
m	510	620	1	1	0	0	240s	100	1	863
m	517	584	1	1	0	0	240s	100	1	863
m	501	554	1	1	0	0	240s	100	1	863
m	475	575	1	1	0	0	240s	100	1	863
m	468	609	1	1	0	0	240s	100	1	863
m	478	632	1	1	0	0	240s	100	1	863
m	498	581	1	1	0	0	240s	100	1	862
m	488	615	1	1	0	0	240s	100	1	862
m	480	662	1	1	0	0	240s	100	1	862
m	466	627	1	1	0	0	240s	100	1	862
m	491	582	1	1	0	0	240s	100	1	862
m	505	538	1	1	0	0	240s	100	1	862
m	477	654	1	1	0	0	240s	100	1	862
m	474	674	1	1	0	0	240s	100	1	862
m	467	722	1	1	0	0	240s	100	1	862
m	487	597	1	1	0	0	240s	100	1	863
m	511	572	1	1	0	0	240s	100	1	863
m	502	511	1	1	0	0	240s	100	1	863
m	501	469	1	1	0	0	240s	100	1	863
m	528	453	1	1	0	0	240s	100	1	863
m	529	421	1	1	0	0	240s	100	1	863
m	499	561	1	1	0	0	240s	100	1	864
m	505	589	1	1	0	0	240s	100	1	864
m	468	589	1	1	0	0	240s	100	1	864
m	493	627	1	1	0	0	240s	100	1	864
m	507	609	1	1	0	0	240s	100	1	864
m	496	593	1	1	0	0	240s	100	1	864
m	492	551	1	1	0	0	240s	100	1	864
m	488	570	1	1	0	0	240s	100	1	864
m	494	637	1	1	0	0	240s	100	1	864
m	478	600	1	1	0	0	240s	100	1	864
m	432	770	1	1	0	0	240s	100	1	864
m	285	765	1	1	0	0	240s	100	1	864
m	307	773	1	1	0	0	240s	100	1	864
m	341	784	1	1	0	0	240s	100	1	864
m	367	813	1	1	0	0	240s	100	1	864
m	375	796	1	1	0	0	240s	100	1	864
m	368	767	1	1	0	0	240s	100	1	864
m	336	755	1	1	0	0	240s	100	1	864
m	323	744	1	1	0	0	240s	100	1	864
m	293	734	1	1	0	0	240s	100	1	864
m	265	746	1	1	0	0	240s	100	1	864
m	289	794	1	1	0	0	240s	100	1	864
m	277	766	1	1	0	0	240s	100	1	864
m	270	784	1	1	0	0	240s	100	1	864
m	329	787	1	1	0	0	240s	100	1	864
m	422	841	1	1	0	0	240s	100	1	863
m	452	850	1	1	0	0	240s	100	1	863
m	482	857	1	1	0	0	240s	100	1	863
m	507	848	1	1	0	0	240s	100	1	863
m	511	823	1	1	0	0	240s	100	1	863
m	551	811	1	1	0	0	240s	100	1	863
m	590	829	1	1	0	0	240s	100	1	863
m	544	828	1	1	0	0	240s	100	1	863
m	477	845	1	1	0	0	240s	100	1	863
m	412	846	1	1	0	0	240s	100	1	863
m	619	833	1	1	0	0	240s	100	1	863
m	679	809	1	1	0	0	240s	100	1	863
m	676	848	1	1	0	0	240s	100	1	863
m	728	825	1	1	0	0	240s	100	1	863
m	752	806	1	1	0	0	240s	100	1	863
m	759	825	1	1	0	0	240s	100	1	863
m	697	823	1	1	0	0	240s	100	1	864
m	664	829	1	1	0	0	240s	100	1	864
m	670	800	1	1	0	0	240s	100	1	864
m	648	836	1	1	0	0	240s	100	1	864
m	580	810	1	1	0	0	240s	100	1	864
m	581	839	1	1	0	0	240s	100	1	864
m	566	823	1	1	0	0	240s	100	1	864
m	536	819	1	1	0	0	240s	100	1	864
m	520	838	1	1	0	0	240s	100	1	864
m	473	852	1	1	0	0	240s	100	1	864
m	428	846	1	1	0	0	240s	100	1	864
m	447	862	1	1	0	0	240s	100	1	864
m	462	848	1	1	0	0	240s	100	1	864
m	493	843	1	1	0	0	240s	100	1	864
m	527	819	1	1	0	0	240s	100	1	864
m	433	856	1	1	0	0	240s	100	1	862
m	406	841	1	1	0	0	240s	100	1	862
m	393	825	1	1	0	0	240s	100	1	862
m	516	827	1	1	0	0	240s	100	1	862
m	542	811	1	1	0	0	240s	100	1	862
m	527	839	1	1	0	0	240s	100	1	862
m	572	837	1	1	0	0	240s	100	1	862
m	579	827	1	1	0	0	240s	100	1	862
m	664	814	1	1	0	0	240s	100	1	862
m	688	831	1	1	0	0	240s	100	1	862
m	706	835	1	1	0	0	240s	100	1	862
m	742	838	1	1	0	0	240s	100	1	862
m	778	827	1	1	0	0	240s	100	1	862
m	738	811	1	1	0	0	240s	100	1	862
m	726	813	1	1	0	0	240s	100	1	865
m	677	823	1	1	0	0	240s	100	1	865
m	666	848	1	1	0	0	240s	100	1	865
m	637	832	1	1	0	0	240s	100	1	865
m	756	783	1	1	0	0	240s	100	1	865
m	759	746	1	1	0	0	240s	100	1	865
m	776	707	1	1	0	0	240s	100	1	865
m	764	687	1	1	0	0	240s	100	1	865
m	754	716	1	1	0	0	240s	100	1	865
m	534	828	1	1	0	0	240s	100	1	865
m	501	841	1	1	0	0	240s	100	1	865
m	445	850	1	1	0	0	240s	100	1	865
m	356	788	1	1	0	0	240s	100	1	865
m	325	762	1	1	0	0	240s	100	1	865
m	401	763	1	1	0	0	240s	100	1	865
m	448	756	1	1	0	0	240s	100	1	865
m	475	698	1	1	0	0	240s	100	1	865
m	482	640	1	1	0	0	240s	100	1	865
m	497	609	1	1	0	0	240s	100	1	865
m	511	597	1	1	0	0	240s	100	1	865
m	486	587	1	1	0	0	240s	100	1	865
m	481	563	1	1	0	0	240s	100	1	865
m	497	538	1	1	0	0	240s	100	1	865
m	501	573	1	1	0	0	240s	100	1	865
m	490	609	1	1	0	0	240s	100	1	865
m	479	620	1	1	0	0	240s	100	1	865
m	484	645	1	1	0	0	240s	100	1	865
m	512	481	1	1	0	0	240s	100	1	865
m	521	447	1	1	0	0	240s	100	1	865
m	539	440	1	1	0	0	240s	100	1	865
m	568	386	1	1	0	0	240s	100	1	865
m	579	344	1	1	0	0	240s	100	1	865
m	589	316	1	1	0	0	240s	100	1	865
m	601	295	1	1	0	0	240s	100	1	865
m	630	309	1	1	0	0	240s	100	1	865
m	666	309	1	1	0	0	240s	100	1	865
m	556	378	1	1	0	0	240s	100	1	865
m	550	410	1	1	0	0	240s	100	1	865
m	549	443	1	1	0	0	240s	100	1	865
m	513	463	1	1	0	0	240s	100	1	865
m	502	490	1	1	0	0	240s	100	1	864
m	531	434	1	1	0	0	240s	100	1	864
m	544	450	1	1	0	0	240s	100	1	864
m	587	471	1	1	0	0	240s	100	1	868
m	623	493	1	1	0	0	240s	100	1	868
m	603	502	1	1	0	0	240s	100	1	868
m	616	522	1	1	0	0	240s	100	1	868
m	626	552	1	1	0	0	240s	100	1	866
m	630	584	1	1	0	0	240s	100	1	868
m	670	520	1	1	0	0	240s	100	1	866
m	713	524	1	1	0	0	240s	100	1	866
m	725	549	1	1	0	0	240s	100	1	868
m	719	584	1	1	0	0	240s	100	1	866
m	698	609	1	1	0	0	240s	100	1	868
m	670	600	1	1	0	0	240s	100	1	866
m	694	585	1	1	0	0	240s	100	1	868
m	649	572	1	1	0	0	240s	100	1	866
m	727	510	1	1	0	0	240s	100	1	866
m	762	494	1	1	0	0	240s	100	1	868
m	791	481	1	1	0	0	240s	100	1	866
m	752	619	1	1	0	0	240s	100	1	868
m	772	598	1	1	0	0	240s	100	1	866
m	719	600	1	1	0	0	240s	100	1	868
m	710	542	1	1	0	0	240s	100	1	866
m	687	527	1	1	0	0	240s	100	1	868
m	641	509	1	1	0	0	240s	100	1	866
m	626	526	1	1	0	0	240s	100	1	868
m	646	616	1	1	0	0	240s	100	1	866
m	657	585	1	1	0	0	240s	100	1	868
m	695	628	1	1	0	0	240s	100	1	868
m	731	628	1	1	0	0	240s	100	1	866
m	742	656	1	1	0	0	240s	100	1	868
m	738	601	1	1	0	0	240s	100	1	868
m	751	817	1	1	0	0	240s	100	1	869
m	679	789	1	1	0	0	240s	100	1	869
m	659	795	1	1	0	0	240s	100	1	869
m	652	824	1	1	0	0	240s	100	1	869
m	607	830	1	1	0	0	240s	100	1	869
m	748	765	1	1	0	0	240s	100	1	869
m	752	741	1	1	0	0	240s	100	1	869
m	763	720	1	1	0	0	240s	100	1	869
m	765	699	1	1	0	0	240s	100	1	869
m	738	624	1	1	0	0	240s	100	1	869
m	729	610	1	1	0	0	240s	100	1	869
m	705	597	1	1	0	0	240s	100	1	869
m	679	616	1	1	0	0	240s	100	1	869
m	648	596	1	1	0	0	240s	100	1	869
m	637	563	1	1	0	0	240s	100	1	869
m	657	561	1	1	0	0	240s	100	1	869
m	675	581	1	1	0	0	240s	100	1	869
m	716	560	1	1	0	0	240s	100	1	869
m	721	534	1	1	0	0	240s	100	1	869
m	690	526	1	1	0	0	240s	100	1	869
m	653	515	1	1	0	0	240s	100	1	869
m	624	511	1	1	0	0	240s	100	1	869
m	607	475	1	1	0	0	240s	100	1	869
m	598	487	1	1	0	0	240s	100	1	869
m	732	511	1	1	0	0	240s	100	1	869
m	754	497	1	1	0	0	240s	100	1	869
m	773	487	1	1	0	0	240s	100	1	869
m	813	480	1	1	0	0	240s	100	1	869
m	840	479	1	1	0	0	240s	100	1	869
m	861	476	1	1	0	0	240s	100	1	869
m	871	461	1	1	0	0	240s	100	1	869
m	885	435	1	1	0	0	240s	100	1	869
m	893	412	1	1	0	0	240s	100	1	869
m	921	399	1	1	0	0	240s	100	1	869
m	841	518	1	1	0	0	240s	100	1	869
m	813	539	1	1	0	0	240s	100	1	869
m	806	556	1	1	0	0	240s	100	1	869
m	782	589	1	1	0	0	240s	100	1	869
m	730	567	1	1	0	0	240s	100	1	869
m	729	588	1	1	0	0	240s	100	1	869
m	742	610	1	1	0	0	240s	100	1	869
m	715	620	1	1	0	0	240s	100	1	866
m	688	598	1	1	0	0	240s	100	1	868
m	747	642	1	1	0	0	240s	100	1	866
m	747	677	1	1	0	0	240s	100	1	866
m	749	703	1	1	0	0	240s	100	1	868
m	755	726	1	1	0	0	240s	100	1	866
m	747	731	1	1	0	0	240s	100	1	868
m	751	752	1	1	0	0	240s	100	1	866
m	750	787	1	1	0	0	240s	100	1	868
m	712	820	1	1	0	0	240s	100	1	868
m	727	837	1	1	0	0	240s	100	1	866
m	763	811	1	1	0	0	240s	100	1	868
m	764	791	1	1	0	0	240s	100	1	866
m	657	605	1	1	0	0	240s	100	1	866
m	626	569	1	1	0	0	240s	100	1	868
m	621	541	1	1	0	0	240s	100	1	866
m	603	521	1	1	0	0	240s	100	1	868
m	641	515	1	1	0	0	240s	100	1	866
m	663	538	1	1	0	0	240s	100	1	866
m	668	552	1	1	0	0	240s	100	1	868
m	690	570	1	1	0	0	240s	100	1	868
m	726	520	1	1	0	0	240s	100	1	866
m	696	516	1	1	0	0	240s	100	1	868
m	609	483	1	1	0	0	240s	100	1	868
m	617	496	1	1	0	0	240s	100	1	866
m	614	513	1	1	0	0	240s	100	1	868
m	739	493	1	1	0	0	240s	100	1	866
m	749	510	1	1	0	0	240s	100	1	866
m	762	484	1	1	0	0	240s	100	1	868
m	753	601	1	1	0	0	240s	100	1	868
m	790	578	1	1	0	0	240s	100	1	866
m	802	562	1	1	0	0	240s	100	1	868
m	816	546	1	1	0	0	240s	100	1	866
m	836	524	1	1	0	0	240s	100	1	868
m	854	500	1	1	0	0	240s	100	1	866
m	851	480	1	1	0	0	240s	100	1	866
m	832	484	1	1	0	0	240s	100	1	868
m	802	489	1	1	0	0	240s	100	1	866
m	782	485	1	1	0	0	240s	100	1	868
m	740	482	1	1	0	0	240s	100	1	868
m	870	476	1	1	0	0	240s	100	1	866
m	880	445	1	1	0	0	240s	100	1	866
m	889	425	1	1	0	0	240s	100	1	868
m	915	407	1	1	0	0	240s	100	1	866
m	913	375	1	1	0	0	240s	100	1	868
m	904	398	1	1	0	0	240s	100	1	866
m	901	371	1	1	0	0	240s	100	1	868
m	911	387	1	1	0	0	240s	100	1	868
m	545	425	1	1	0	0	240s	100	1	869
m	567	457	1	1	0	0	240s	100	1	869
m	601	463	1	1	0	0	240s	100	1	869
m	545	395	1	1	0	0	240s	100	1	869
m	571	360	1	1	0	0	240s	100	1	869
m	570	333	1	1	0	0	240s	100	1	869
m	588	290	1	1	0	0	240s	100	1	869
m	602	315	1	1	0	0	240s	100	1	869
m	641	310	1	1	0	0	240s	100	1	869
m	588	338	1	1	0	0	240s	100	1	869
m	689	296	1	1	0	0	240s	100	1	869
m	734	284	1	1	0	0	240s	100	1	866
m	728	305	1	1	0	0	240s	100	1	866
m	728	341	1	1	0	0	240s	100	1	868
m	712	311	1	1	0	0	240s	100	1	866
m	693	300	1	1	0	0	240s	100	1	868
m	648	312	1	1	0	0	240s	100	1	866
m	676	301	1	1	0	0	240s	100	1	868
m	599	329	1	1	0	0	240s	100	1	866
m	615	311	1	1	0	0	240s	100	1	866
m	604	301	1	1	0	0	240s	100	1	868
m	592	305	1	1	0	0	240s	100	1	866
m	582	323	1	1	0	0	240s	100	1	868
m	574	346	1	1	0	0	240s	100	1	866
m	559	367	1	1	0	0	240s	100	1	868
m	540	379	1	1	0	0	240s	100	1	868
m	572	369	1	1	0	0	240s	100	1	868
m	616	318	1	1	0	0	240s	100	1	868
m	756	350	1	1	0	0	240s	100	1	870
m	777	299	1	1	0	0	240s	100	1	870
m	769	259	1	1	0	0	240s	100	1	870
m	807	290	1	1	0	0	240s	100	1	870
m	779	360	1	1	0	0	240s	100	1	870
m	767	390	1	1	0	0	240s	100	1	870
m	792	403	1	1	0	0	240s	100	1	870
m	837	329	1	1	0	0	240s	100	1	870
m	896	342	1	1	0	0	240s	100	1	870
m	880	318	1	1	0	0	240s	100	1	870
m	904	284	1	1	0	0	240s	100	1	870
m	907	243	1	1	0	0	240s	100	1	870
m	917	218	1	1	0	0	240s	100	1	870
m	953	204	1	1	0	0	240s	100	1	870
m	939	174	1	1	0	0	240s	100	1	870
m	908	151	1	1	0	0	240s	100	1	870
m	993	186	1	1	0	0	240s	100	1	870
m	822	167	1	1	0	0	240s	100	1	870
m	828	202	1	1	0	0	240s	100	1	870
m	839	249	1	1	0	0	240s	100	1	870
m	857	195	1	1	0	0	240s	100	1	870
m	885	212	1	1	0	0	240s	100	1	870
m	883	251	1	1	0	0	240s	100	1	870
m	773	229	1	1	0	0	240s	100	1	870
m	752	193	1	1	0	0	240s	100	1	870
m	745	164	1	1	0	0	240s	100	1	870
m	777	167	1	1	0	0	240s	100	1	870
m	812	138	1	1	0	0	240s	100	1	870
m	836	110	1	1	0	0	240s	100	1	870
m	761	317	1	1	0	0	240s	100	1	870
m	779	205	1	1	0	0	240s	100	1	871
m	803	169	1	1	0	0	240s	100	1	871
m	828	146	1	1	0	0	240s	100	1	871
m	720	289	1	1	0	0	240s	100	1	871
m	754	331	1	1	0	0	240s	100	1	871
m	761	379	1	1	0	0	240s	100	1	871
m	777	374	1	1	0	0	240s	100	1	871
m	770	331	1	1	0	0	240s	100	1	871
m	848	313	1	1	0	0	240s	100	1	871
m	844	278	1	1	0	0	240s	100	1	871
m	851	226	1	1	0	0	240s	100	1	871
m	876	269	1	1	0	0	240s	100	1	871
m	879	334	1	1	0	0	240s	100	1	871
m	897	295	1	1	0	0	240s	100	1	871
m	944	219	1	1	0	0	240s	100	1	871
m	984	180	1	1	0	0	240s	100	1	871
m	952	185	1	1	0	0	240s	100	1	871
m	832	183	1	1	0	0	240s	100	1	871
m	836	149	1	1	0	0	240s	100	1	871
m	838	221	1	1	0	0	240s	100	1	871
m	871	214	1	1	0	0	240s	100	1	871
m	848	251	1	1	0	0	240s	100	1	871
m	788	236	1	1	0	0	240s	100	1	871
m	786	276	1	1	0	0	240s	100	1	871
m	848	295	1	1	0	0	240s	100	1	871
m	878	192	1	1	0	0	240s	100	1	874
m	904	204	1	1	0	0	240s	100	1	874
m	943	207	1	1	0	0	240s	100	1	874
m	937	193	1	1	0	0	240s	100	1	874
m	928	221	1	1	0	0	240s	100	1	874
m	971	203	1	1	0	0	240s	100	1	874
m	973	178	1	1	0	0	240s	100	1	874
m	941	157	1	1	0	0	240s	100	1	874
m	912	163	1	1	0	0	240s	100	1	874
m	893	147	1	1	0	0	240s	100	1	874
m	846	165	1	1	0	0	240s	100	1	874
m	790	212	1	1	0	0	240s	100	1	874
m	783	254	1	1	0	0	240s	100	1	874
m	769	280	1	1	0	0	240s	100	1	874
m	823	287	1	1	0	0	240s	100	1	874
m	853	261	1	1	0	0	240s	100	1	874
m	872	343	1	1	0	0	240s	100	1	874
m	906	264	1	1	0	0	240s	100	1	874
m	993	215	1	1	0	0	240s	100	1	874
m	1014	231	1	1	0	0	240s	100	1	874
m	1049	227	1	1	0	0	240s	100	1	874
m	1048	188	1	1	0	0	240s	100	1	874
m	1042	169	1	1	0	0	240s	100	1	874
m	1022	188	1	1	0	0	240s	100	1	874
m	1023	277	1	1	0	0	240s	100	1	874
m	1007	310	1	1	0	0	240s	100	1	874
m	1030	337	1	1	0	0	240s	100	1	874
m	1017	341	1	1	0	0	240s	100	1	874
m	1066	372	1	1	0	0	240s	100	1	874
m	1091	349	1	1	0	0	240s	100	1	874
m	1121	333	1	1	0	0	240s	100	1	874
m	1127	296	1	1	0	0	240s	100	1	874
m	1066	276	1	1	0	0	240s	100	1	874
m	1058	237	1	1	0	0	240s	100	1	874
m	1036	230	1	1	0	0	240s	100	1	873
m	1029	253	1	1	0	0	240s	100	1	873
m	1063	253	1	1	0	0	240s	100	1	873
m	1057	211	1	1	0	0	240s	100	1	873
m	1053	271	1	1	0	0	240s	100	1	873
m	1025	302	1	1	0	0	240s	100	1	873
m	1021	324	1	1	0	0	240s	100	1	873
m	1023	364	1	1	0	0	240s	100	1	873
m	1060	360	1	1	0	0	240s	100	1	873
m	1080	349	1	1	0	0	240s	100	1	873
m	1103	330	1	1	0	0	240s	100	1	873
m	1103	285	1	1	0	0	240s	100	1	873
m	1199	343	1	1	0	0	240s	100	1	873
m	1205	382	1	1	0	0	240s	100	1	873
m	1214	422	1	1	0	0	240s	100	1	873
m	1183	423	1	1	0	0	240s	100	1	873
m	1152	424	1	1	0	0	240s	100	1	873
m	1160	465	1	1	0	0	240s	100	1	873
m	1233	450	1	1	0	0	240s	100	1	873
m	1257	471	1	1	0	0	240s	100	1	873
m	1210	459	1	1	0	0	240s	100	1	873
m	1227	430	1	1	0	0	240s	100	1	873
m	1178	480	1	1	0	0	240s	100	1	873
m	1193	395	1	1	0	0	240s	100	1	873
m	1193	361	1	1	0	0	240s	100	1	873
m	1164	330	1	1	0	0	240s	100	1	873
m	1101	392	1	1	0	0	240s	100	1	873
m	1123	416	1	1	0	0	240s	100	1	873
m	1141	439	1	1	0	0	240s	100	1	873
m	1171	495	1	1	0	0	240s	100	1	873
m	1189	459	1	1	0	0	240s	100	1	873
m	1196	416	1	1	0	0	240s	100	1	873
m	1214	398	1	1	0	0	240s	100	1	873
m	1183	379	1	1	0	0	240s	100	1	873
m	1186	336	1	1	0	0	240s	100	1	873
m	1214	317	1	1	0	0	240s	100	1	873
m	1237	280	1	1	0	0	240s	100	1	873
m	1253	242	1	1	0	0	240s	100	1	873
m	1115	311	1	1	0	0	240s	100	1	873
m	1087	282	1	1	0	0	240s	100	1	873
m	1295	205	1	1	0	0	240s	100	1	873
m	1328	209	1	1	0	0	240s	100	1	873
m	1349	236	1	1	0	0	240s	100	1	873
m	1198	319	1	1	0	0	240s	100	1	872
m	1146	321	1	1	0	0	240s	100	1	872
m	1194	349	1	1	0	0	240s	100	1	872
m	1199	373	1	1	0	0	240s	100	1	872
m	1206	400	1	1	0	0	240s	100	1	872
m	1203	423	1	1	0	0	240s	100	1	872
m	1169	417	1	1	0	0	240s	100	1	872
m	1157	439	1	1	0	0	240s	100	1	872
m	1214	441	1	1	0	0	240s	100	1	872
m	1230	463	1	1	0	0	240s	100	1	872
m	1258	459	1	1	0	0	240s	100	1	872
m	1244	464	1	1	0	0	240s	100	1	872
m	1162	481	1	1	0	0	240s	100	1	872
m	1145	457	1	1	0	0	240s	100	1	872
m	1166	423	1	1	0	0	240s	100	1	872
m	1173	397	1	1	0	0	240s	100	1	872
m	1080	376	1	1	0	0	240s	100	1	872
m	1033	351	1	1	0	0	240s	100	1	872
m	1013	290	1	1	0	0	240s	100	1	872
m	1014	312	1	1	0	0	240s	100	1	872
m	1010	340	1	1	0	0	240s	100	1	872
m	1047	258	1	1	0	0	240s	100	1	872
m	1076	267	1	1	0	0	240s	100	1	872
m	1042	205	1	1	0	0	240s	100	1	872
m	1026	225	1	1	0	0	240s	100	1	872
m	1023	240	1	1	0	0	240s	100	1	872
m	1176	318	1	1	0	0	240s	100	1	872
m	1213	332	1	1	0	0	240s	100	1	872
m	1216	383	1	1	0	0	240s	100	1	872
m	1166	348	1	1	0	0	240s	100	1	872
m	1246	439	1	1	0	0	240s	100	1	872
m	1222	448	1	1	0	0	240s	100	1	872
m	1179	467	1	1	0	0	240s	100	1	872
m	1338	218	1	1	0	0	240s	100	1	875
m	1311	197	1	1	0	0	240s	100	1	875
m	1265	213	1	1	0	0	240s	100	1	875
m	1305	215	1	1	0	0	240s	100	1	875
m	1370	216	1	1	0	0	240s	100	1	875
m	1411	205	1	1	0	0	240s	100	1	875
m	1440	200	1	1	0	0	240s	100	1	875
m	1444	239	1	1	0	0	240s	100	1	875
m	1433	284	1	1	0	0	240s	100	1	875
m	1407	308	1	1	0	0	240s	100	1	875
m	1403	337	1	1	0	0	240s	100	1	875
m	1378	320	1	1	0	0	240s	100	1	875
m	1378	283	1	1	0	0	240s	100	1	875
m	1364	255	1	1	0	0	240s	100	1	875
m	1371	237	1	1	0	0	240s	100	1	875
m	1346	249	1	1	0	0	240s	100	1	875
m	1460	377	1	1	0	0	240s	100	1	875
m	1499	397	1	1	0	0	240s	100	1	875
m	1512	367	1	1	0	0	240s	100	1	875
m	1503	335	1	1	0	0	240s	100	1	875
m	1525	306	1	1	0	0	240s	100	1	875
m	1524	276	1	1	0	0	240s	100	1	875
m	1499	258	1	1	0	0	240s	100	1	875
m	1505	287	1	1	0	0	240s	100	1	875
m	1468	257	1	1	0	0	240s	100	1	875
m	1486	237	1	1	0	0	240s	100	1	875
m	1441	182	1	1	0	0	240s	100	1	875
m	1429	211	1	1	0	0	240s	100	1	875
m	1386	209	1	1	0	0	240s	100	1	875
m	1351	200	1	1	0	0	240s	100	1	875
m	1358	227	1	1	0	0	240s	100	1	875
m	1387	305	1	1	0	0	240s	100	1	875
m	1426	342	1	1	0	0	240s	100	1	875
m	1459	363	1	1	0	0	240s	100	1	875
m	1398	319	1	1	0	0	240s	100	1	876
m	1414	288	1	1	0	0	240s	100	1	876
m	1446	261	1	1	0	0	240s	100	1	876
m	1432	221	1	1	0	0	240s	100	1	876
m	1422	196	1	1	0	0	240s	100	1	876
m	1388	200	1	1	0	0	240s	100	1	876
m	1358	204	1	1	0	0	240s	100	1	876
m	1362	244	1	1	0	0	240s	100	1	876
m	1366	285	1	1	0	0	240s	100	1	876
m	1381	338	1	1	0	0	240s	100	1	876
m	1373	304	1	1	0	0	240s	100	1	876
m	1394	287	1	1	0	0	240s	100	1	876
m	1418	305	1	1	0	0	240s	100	1	876
m	1442	355	1	1	0	0	240s	100	1	876
m	1493	378	1	1	0	0	240s	100	1	876
m	1512	348	1	1	0	0	240s	100	1	876
m	1511	323	1	1	0	0	240s	100	1	876
m	1503	303	1	1	0	0	240s	100	1	876
m	1512	295	1	1	0	0	240s	100	1	876
m	1505	268	1	1	0	0	240s	100	1	876
m	1480	272	1	1	0	0	240s	100	1	876
m	1474	241	1	1	0	0	240s	100	1	876
m	1457	235	1	1	0	0	240s	100	1	876
m	1456	252	1	1	0	0	240s	100	1	876
m	1403	215	1	1	0	0	240s	100	1	876
m	1419	319	1	1	0	0	240s	100	1	876
m	1488	422	1	1	0	0	240s	100	1	876
m	1499	356	1	1	0	0	240s	100	1	876
m	1491	278	1	1	0	0	240s	100	1	867
m	1400	299	1	1	0	0	240s	100	1	867
m	1415	329	1	1	0	0	240s	100	1	867
m	1434	366	1	1	0	0	240s	100	1	867
m	1472	372	1	1	0	0	240s	100	1	867
m	1503	390	1	1	0	0	240s	100	1	867
m	1506	319	1	1	0	0	240s	100	1	867
m	1514	300	1	1	0	0	240s	100	1	867
m	1499	272	1	1	0	0	240s	100	1	867
m	1457	264	1	1	0	0	240s	100	1	867
m	1469	246	1	1	0	0	240s	100	1	867
m	1447	220	1	1	0	0	240s	100	1	867
m	1417	216	1	1	0	0	240s	100	1	867
m	1382	212	1	1	0	0	240s	100	1	867
m	1377	230	1	1	0	0	240s	100	1	867
m	1353	218	1	1	0	0	240s	100	1	867
m	1377	269	1	1	0	0	240s	100	1	867
m	1383	297	1	1	0	0	240s	100	1	867
m	1388	318	1	1	0	0	240s	100	1	867
m	1396	339	1	1	0	0	240s	100	1	867
m	1417	341	1	1	0	0	240s	100	1	867
m	1443	358	1	1	0	0	240s	100	1	867
m	1483	382	1	1	0	0	240s	100	1	867
m	1514	385	1	1	0	0	240s	100	1	867
m	1501	368	1	1	0	0	240s	100	1	867
m	1422	362	1	1	0	0	240s	100	1	867
m	1428	346	1	1	0	0	240s	100	1	867
m	1477	439	1	1	0	0	240s	100	1	867
m	1467	461	1	1	0	0	240s	100	1	867
m	1464	495	1	1	0	0	240s	100	1	867
m	1453	513	1	1	0	0	240s	100	1	867
m	1440	522	1	1	0	0	240s	100	1	867
m	1423	544	1	1	0	0	240s	100	1	867
m	1421	563	1	1	0	0	240s	100	1	867
m	1407	576	1	1	0	0	240s	100	1	867
m	1406	602	1	1	0	0	240s	100	1	867
m	1415	622	1	1	0	0	240s	100	1	867
m	1421	648	1	1	0	0	240s	100	1	867
m	1436	683	1	1	0	0	240s	100	1	867
m	1441	712	1	1	0	0	240s	100	1	867
m	1430	758	1	1	0	0	240s	100	1	867
m	1399	749	1	1	0	0	240s	100	1	867
m	1403	729	1	1	0	0	240s	100	1	867
m	1452	733	1	1	0	0	240s	100	1	867
m	1482	747	1	1	0	0	240s	100	1	867
m	1510	754	1	1	0	0	240s	100	1	867
m	1547	761	1	1	0	0	240s	100	1	867
m	1550	727	1	1	0	0	240s	100	1	867
m	1597	733	1	1	0	0	240s	100	1	867
m	1589	703	1	1	0	0	240s	100	1	867
m	1578	676	1	1	0	0	240s	100	1	867
m	1595	656	1	1	0	0	240s	100	1	867
m	1465	778	1	1	0	0	240s	100	1	867
m	1378	751	1	1	0	0	240s	100	1	867
m	1373	716	1	1	0	0	240s	100	1	867
m	1349	691	1	1	0	0	240s	100	1	867
m	1331	666	1	1	0	0	240s	100	1	867
m	1289	648	1	1	0	0	240s	100	1	867
m	1249	630	1	1	0	0	240s	100	1	867
m	1232	606	1	1	0	0	240s	100	1	867
m	1190	518	1	1	0	0	240s	100	1	867
m	1202	540	1	1	0	0	240s	100	1	867
m	1210	557	1	1	0	0	240s	100	1	867
m	1218	579	1	1	0	0	240s	100	1	867
m	1221	600	1	1	0	0	240s	100	1	867
m	1417	694	1	1	0	0	240s	100	1	867
m	1430	782	1	1	0	0	240s	100	1	867
m	1458	799	1	1	0	0	240s	100	1	867
m	1492	725	1	1	0	0	240s	100	1	867
m	1607	630	1	1	0	0	240s	100	1	867
m	1610	600	1	1	0	0	240s	100	1	867
m	1412	632	1	1	0	0	240s	100	1	867
m	1414	662	1	1	0	0	240s	100	1	867
m	1414	681	1	1	0	0	240s	100	1	867
m	1604	638	1	1	0	0	240s	100	1	873
m	1602	680	1	1	0	0	240s	100	1	873
m	1597	709	1	1	0	0	240s	100	1	873
m	1587	722	1	1	0	0	240s	100	1	873
m	1545	735	1	1	0	0	240s	100	1	873
m	1540	756	1	1	0	0	240s	100	1	873
m	1384	731	1	1	0	0	240s	100	1	873
m	1471	746	1	1	0	0	240s	100	1	873
m	1448	757	1	1	0	0	240s	100	1	873
m	1423	721	1	1	0	0	240s	100	1	873
m	1449	697	1	1	0	0	240s	100	1	873
m	1477	732	1	1	0	0	240s	100	1	873
m	1495	748	1	1	0	0	240s	100	1	873
m	1501	788	1	1	0	0	240s	100	1	873
m	1521	753	1	1	0	0	240s	100	1	873
m	1523	723	1	1	0	0	240s	100	1	873
m	1558	761	1	1	0	0	240s	100	1	873
m	1566	725	1	1	0	0	240s	100	1	873
m	1572	691	1	1	0	0	240s	100	1	873
m	1477	713	1	1	0	0	240s	100	1	872
m	1445	725	1	1	0	0	240s	100	1	872
m	1436	738	1	1	0	0	240s	100	1	872
m	1428	749	1	1	0	0	240s	100	1	872
m	1413	760	1	1	0	0	240s	100	1	872
m	1412	722	1	1	0	0	240s	100	1	872
m	1405	707	1	1	0	0	240s	100	1	872
m	1435	701	1	1	0	0	240s	100	1	872
m	1454	774	1	1	0	0	240s	100	1	872
m	1497	756	1	1	0	0	240s	100	1	872
m	1524	734	1	1	0	0	240s	100	1	872
m	1565	741	1	1	0	0	240s	100	1	872
m	1626	726	1	1	0	0	240s	100	1	872
m	1631	707	1	1	0	0	240s	100	1	872
m	1599	693	1	1	0	0	240s	100	1	872
m	1593	680	1	1	0	0	240s	100	1	872
m	1578	651	1	1	0	0	240s	100	1	872
m	1596	624	1	1	0	0	240s	100	1	872
m	1612	606	1	1	0	0	240s	100	1	872
m	1628	592	1	1	0	0	240s	100	1	872
m	1553	746	1	1	0	0	240s	100	1	872
m	1599	774	1	1	0	0	240s	100	1	872
m	1502	729	1	1	0	0	240s	100	1	872
m	1466	720	1	1	0	0	240s	100	1	872
m	1374	703	1	1	0	0	240s	100	1	872
m	1351	692	1	1	0	0	240s	100	1	872
m	1336	675	1	1	0	0	240s	100	1	872
m	1316	658	1	1	0	0	240s	100	1	872
m	1276	639	1	1	0	0	240s	100	1	872
m	1369	741	1	1	0	0	240s	100	1	872
m	1398	737	1	1	0	0	240s	100	1	872
m	1396	707	1	1	0	0	240s	100	1	872
m	1429	725	1	1	0	0	240s	100	1	872
m	1429	699	1	1	0	0	240s	100	1	872
m	1426	672	1	1	0	0	240s	100	1	872
m	1436	671	1	1	0	0	240s	100	1	872
m	1407	763	1	1	0	0	240s	100	1	872
m	1416	739	1	1	0	0	240s	100	1	872
m	1396	721	1	1	0	0	240s	100	1	872
m	1436	775	1	1	0	0	240s	100	1	873
m	1462	764	1	1	0	0	240s	100	1	873
m	1460	740	1	1	0	0	240s	100	1	873
m	1458	715	1	1	0	0	240s	100	1	873
m	1459	696	1	1	0	0	240s	100	1	873
m	1498	734	1	1	0	0	240s	100	1	873
m	1582	737	1	1	0	0	240s	100	1	873
m	1611	716	1	1	0	0	240s	100	1	873
m	1570	707	1	1	0	0	240s	100	1	873
m	1589	667	1	1	0	0	240s	100	1	873
m	1614	630	1	1	0	0	240s	100	1	873
m	1616	555	1	1	0	0	240s	100	1	873
m	1599	523	1	1	0	0	240s	100	1	873
m	1627	508	1	1	0	0	240s	100	1	873
m	1627	491	1	1	0	0	240s	100	1	873
m	1652	475	1	1	0	0	240s	100	1	873
m	1657	448	1	1	0	0	240s	100	1	873
m	1670	386	1	1	0	0	240s	100	1	873
m	1662	407	1	1	0	0	240s	100	1	873
m	1655	419	1	1	0	0	240s	100	1	873
m	1670	395	1	1	0	0	240s	100	1	872
m	1662	423	1	1	0	0	240s	100	1	872
m	1659	393	1	1	0	0	240s	100	1	874
m	1670	407	1	1	0	0	240s	100	1	874
m	1662	416	1	1	0	0	240s	100	1	874
m	1655	426	1	1	0	0	240s	100	1	874
m	1651	437	1	1	0	0	240s	100	1	874
m	1647	453	1	1	0	0	240s	100	1	874
m	1652	461	1	1	0	0	240s	100	1	874
m	1646	487	1	1	0	0	240s	100	1	874
m	1641	470	1	1	0	0	240s	100	1	874
m	1630	492	1	1	0	0	240s	100	1	874
m	1608	502	1	1	0	0	240s	100	1	874
m	1593	516	1	1	0	0	240s	100	1	874
m	1616	536	1	1	0	0	240s	100	1	874
m	1612	514	1	1	0	0	240s	100	1	874
m	1599	533	1	1	0	0	240s	100	1	874
m	1606	552	1	1	0	0	240s	100	1	874
m	1614	576	1	1	0	0	240s	100	1	874
m	1632	566	1	1	0	0	240s	100	1	874
m	1627	607	1	1	0	0	240s	100	1	874
m	1622	577	1	1	0	0	240s	100	1	874
m	1614	617	1	1	0	0	240s	100	1	874
m	1641	478	1	1	0	0	240s	100	1	868
m	1637	496	1	1	0	0	240s	100	1	868
m	1618	504	1	1	0	0	240s	100	1	868
m	1618	523	1	1	0	0	240s	100	1	868
m	1606	534	1	1	0	0	240s	100	1	868
m	1608	566	1	1	0	0	240s	100	1	868
m	1632	573	1	1	0	0	240s	100	1	868
m	1606	585	1	1	0	0	240s	100	1	868
m	1603	607	1	1	0	0	240s	100	1	868
m	1661	467	1	1	0	0	240s	100	1	868
m	1643	457	1	1	0	0	240s	100	1	868
m	1661	396	1	1	0	0	240s	100	1	868
m	1680	382	1	1	0	0	240s	100	1	868
m	1649	409	1	1	0	0	240s	100	1	868
m	1646	424	1	1	0	0	240s	100	1	868
m	1124	621	1	1	0	0	240s	100	1	877
m	1104	616	1	1	0	0	240s	100	1	877
m	1085	593	1	1	0	0	240s	100	1	877
m	1095	582	1	1	0	0	240s	100	1	877
m	1080	561	1	1	0	0	240s	100	1	877
m	1074	536	1	1	0	0	240s	100	1	877
m	1068	551	1	1	0	0	240s	100	1	877
m	1066	507	1	1	0	0	240s	100	1	877
m	1046	489	1	1	0	0	240s	100	1	877
m	1029	467	1	1	0	0	240s	100	1	877
m	1013	466	1	1	0	0	240s	100	1	877
m	1003	483	1	1	0	0	240s	100	1	877
m	983	489	1	1	0	0	240s	100	1	877
m	974	510	1	1	0	0	240s	100	1	877
m	957	524	1	1	0	0	240s	100	1	877
m	960	541	1	1	0	0	240s	100	1	877
m	944	557	1	1	0	0	240s	100	1	877
m	935	568	1	1	0	0	240s	100	1	877
m	923	577	1	1	0	0	240s	100	1	877
m	895	592	1	1	0	0	240s	100	1	877
m	901	600	1	1	0	0	240s	100	1	877
m	895	621	1	1	0	0	240s	100	1	877
m	883	634	1	1	0	0	240s	100	1	877
m	884	659	1	1	0	0	240s	100	1	877
m	888	679	1	1	0	0	240s	100	1	877
m	883	707	1	1	0	0	240s	100	1	877
m	889	728	1	1	0	0	240s	100	1	877
m	894	742	1	1	0	0	240s	100	1	877
m	909	762	1	1	0	0	240s	100	1	877
m	924	780	1	1	0	0	240s	100	1	877
m	952	798	1	1	0	0	240s	100	1	877
m	977	824	1	1	0	0	240s	100	1	877
m	996	820	1	1	0	0	240s	100	1	877
m	1006	801	1	1	0	0	240s	100	1	877
m	1006	838	1	1	0	0	240s	100	1	877
m	1027	835	1	1	0	0	240s	100	1	877
m	1042	824	1	1	0	0	240s	100	1	877
m	1064	820	1	1	0	0	240s	100	1	877
m	1082	804	1	1	0	0	240s	100	1	877
m	1080	775	1	1	0	0	240s	100	1	877
m	1098	752	1	1	0	0	240s	100	1	877
m	1114	732	1	1	0	0	240s	100	1	877
m	1140	702	1	1	0	0	240s	100	1	877
m	1136	679	1	1	0	0	240s	100	1	877
m	1131	658	1	1	0	0	240s	100	1	877
m	1133	638	1	1	0	0	240s	100	1	877
